$ANSIBLE_VAULT;1.1;AES256
31646265653162613465633733626566353730313431623531363236626362393365326336396230
3464613638303264633934373132383332316564633835320a333834383239393632393764333939
64343162396232666132393439663535343137303264363731376663663262336134653162326433
6436326637363435340a356364393631373537633736363861316139303864646564643164346435
37353039643366663239633037303664633361653237663963623166383237626237333238303334
32366230383463333165353064316235363531346339393037376531636362346131633066323832
35303738313466323536386334643533636633333764346661616664623166643461363837346639
32396432626663336461343062353039613031623237373236663930653637393461623061643438
61646363626262353562393130613864343431653234363530336639383165333362323966363735
61303937376433346265343030333230653238356238336236643664313234633536313361613530
65326439393932393537656339663362363965393832663365396630316132326465643861666233
31653965306261626635643331633131613964336334653662313631333965366238323661303063
30343461313539613663323032656237303665396238613037386164306438356434383431333037
6537646335643963343264373835663131626631353036383631
