$ANSIBLE_VAULT;1.1;AES256
30326563373133303364343538383363316664353963653431356261393639323961626537363862
3265393664326363353237626637656436383935313736330a633533376539383038396331373430
39323134306539306636363138376337323637623761343233613163343938656337313563616332
6166656630323336340a653062363735306563336235643036633366633365303661356632366362
63656630613266323265663538373863343632613064336231313537343862643036353437313439
65656435393833353664663266613739326136626330396639366432313732313963323062613531
38376338313233663566643833393533643739613361373363616636653866333034356138663964
65303636613464303863363064343039616566626639363263303966396532623030393339643262
36616163363963653933336139633634376134633966326264346564366166383763313536316130
36653435646232323434383462666665316134336537333130316262376664653733386164306265
35666435316365633637313532383962633863393337643439656261343835343063643536623865
61306537323331393866343663383735363032346637316161363931366531323338616432613865
36316362303866393461353537313338646163313365656561313764313434643162356239306562
62646234326163666531353666333039623838616430343331333862346463313963623538356265
39366536383334623836633232373838346531616636313166306665653064336533373338663133
65646331643862386161323336643936666333613536386462333739636165393438323231366230
3538
