$ANSIBLE_VAULT;1.1;AES256
66386665363137313930356231326661383566393535393032643738626365633761396233336138
6331313431633166623336386532313232623734356338620a666231643037316335396130333631
36663937346133666231333336366439336163616534366436663930343164626130613538653866
3231666561623435300a356362326566643865663963316261616137353263386462353932366633
62313462613532313634386165373061303937663731623132363134333666663165643839333965
32663733306134396638653132626165336163383238353566356231616233653935653038316335
35336332336137376263303635393033306437663632346566643336363234356562396662353732
64376362323130363038336437326534326164633631336664373235313465303733396438326638
39333161363735316364656462383462323932613438303939356335386238636133393832356461
32353161383264363363393838316361323166346430343536663366373230353034333830333961
34616266326262383032373762336230666133363630386337393066393164363233393765363133
65356634623861313766386162663763653535653564306537323134303665386565323761373561
31343536663732653934666531363938633932653263313764356162323863653737666661373931
38333165366232616632373939336466653661666465366437323031333665643263373539626264
64353865656631616266653564313930306538663961613830386631653764373331323132343533
32633161386664653739356630366663653433373038323133613663633861343665363263336438
38396466353832383364613431336436626138396663393833303331326139646535336236313865
66336138623432383336393733353238663166366163353030346666613963346436343266303033
66343735633064376461323636343838316331323165346266363532663565643732616236393938
39383833623831643839646637656666656432353562623763383035626238613531323638653361
36313464356264306362646536326165383738333732613936396563366233353965646230363830
30636661316135366332613264363463633339653335623931313966363766633736353461313437
306564653032613465396231663564363161
