$ANSIBLE_VAULT;1.1;AES256
32643235626532636562633137616330373836303432633232656534323932643765373532613161
3561336563343864333161653338663661356532656632330a323333333234306633326662373032
33633439393130356232653330633430373664326436306363323430663630346631323831666433
6637643433336264640a326134363663383337343438386337313137333630303962646564663235
34636562653261653732313332653034363335343466396336393638656464653432396264613731
35366335666364386364646635303635393833313231376438613233336630633437306534396532
64393964386563626533643861393161633738663362353133326163303332376335336636393033
66623639376238623834346538323232396462633538646633396464336463353865633863636665
62613564666238303936666336313166363831373736383231396361626266356233643762616231
63363139373865313961366261353063383734316630393738316131343363313265613637353162
64633630313131393764616130326662376464643964346661333362366362636161663138656536
36623363316166393535313962653437396465393339313033323635363930303464643239363234
39323333323863613366663666363066653334613832313932383536643832333234323466626561
36656537356662613364323662366333396233383865323430303864363835303337633432326133
66643034333336653135626232613530613234363235393865343962363732366562353863393135
34323933393539653364663636336131383137306561306239626532313564383064336239333566
64323539323036346466316131386437363965373738363232316630373830343033326239663462
3330386435373331626134346236666436393938616363313633
